-7.64254  -0.00138603
-7.55094  -0.00136941
-32.8822  -0.0059634
-23.2336  -0.00421356
-26.5225  -0.00481002
-30.7306  -0.00557319
-35.0748  -0.00636104
-51.8135  -0.00939672
-46.223  -0.00838284
-55.9308  -0.0101434
-65.3106  -0.0118445
-69.8134  -0.0126611
-78.7515  -0.0142821
-77.7939  -0.0141084
-89.0912  -0.0161573
-94.8461  -0.017201
-91.9756  -0.0166804
-102.866  -0.0186555
-105.191  -0.0190772
-115.912  -0.0210214
-124.197  -0.0225239
-119.782  -0.0217232
-141.843  -0.0257242
-139.955  -0.0253817
-147.278  -0.0267098
-148.781  -0.0269825
-141.764  -0.0257099
-167.094  -0.0303036
-162.339  -0.0294412
-173.515  -0.0314681
-176.524  -0.0320138
-182.205  -0.0330441
-200.671  -0.0363929
-193.74  -0.035136
-201.402  -0.0365256
-204.508  -0.0370889
-211.234  -0.0383087
-222.644  -0.0403779
-218.004  -0.0395365
-228.785  -0.0414917
-236.782  -0.042942
-241.155  -0.043735
-250.583  -0.0454448
-249.936  -0.0453276
-263.75  -0.0478327
-269.032  -0.0487908
-261.494  -0.0474236
-275.847  -0.0500266
-275.688  -0.0499979
-292.074  -0.0529695
-296.643  -0.0537982
-291.905  -0.0529388
-314.977  -0.0571232
-311.264  -0.0564497
-321.196  -0.058251
-316.842  -0.0574613
-317.624  -0.0576032
-339.931  -0.0616488
-337.345  -0.0611797
-347.017  -0.0629339
-346.476  -0.0628356
-357.005  -0.0647452
-370.486  -0.06719
-366.98  -0.0665542
-374.988  -0.0680066
-378.397  -0.0686248
-385.712  -0.0699514
-392.882  -0.0712516
-389.667  -0.0706686
-402.386  -0.0729753
-410.602  -0.0744654
-413.273  -0.0749497
-425.763  -0.0772149
-421.97  -0.076527
-438.53  -0.0795303
-438.246  -0.0794787
-433.35  -0.0785909
-449.668  -0.0815503
-447.946  -0.081238
-467.492  -0.0847827
-465.276  -0.0843809
-467.937  -0.0848634
-484.219  -0.0878163
-481.519  -0.0873266
-492.129  -0.0892508
-487.507  -0.0884126
-495.427  -0.0898489
-508.987  -0.0923082
-505.564  -0.0916874
-514.38  -0.0932861
-516.307  -0.0936357
-524.067  -0.095043
-533.009  -0.0966646
-529.055  -0.0959476
-540.993  -0.0981126
-546.971  -0.0991969
-544.258  -0.0987048
-555.144  -0.100679
-557.403  -0.101089
-560.071  -0.101573
-567.405  -0.102903
-568.165  -0.10304
-574.636  -0.104214
-578.18  -0.104857
-579.568  -0.105108
-586.966  -0.10645
-588.565  -0.10674
-590.855  -0.107155
-597.914  -0.108436
-598.98  -0.108629
-602.09  -0.109193
-608.163  -0.110294
-609.1  -0.110464
-612.257  -0.111037
-617.525  -0.111992
-618.952  -0.112251
-621.516  -0.112716
-626.102  -0.113548
-628.576  -0.113996
-629.847  -0.114227
-634.68  -0.115103
-637.643  -0.115641
-637.694  -0.11565
-642.755  -0.116568
-645.578  -0.11708
-645.86  -0.117131
-649.928  -0.117869
-653.127  -0.118449
-654.212  -0.118646
-655.764  -0.118927
-660.573  -0.119799
-661.841  -0.120029
-662.544  -0.120157
-666.346  -0.120846
-668.99  -0.121326
-669.834  -0.121479
-671.332  -0.12175
-675.581  -0.122521
-676.56  -0.122699
-677.689  -0.122903
-680.088  -0.123338
-683.53  -0.123963
-683.896  -0.124029
-685.287  -0.124281
-687.999  -0.124773
-690.737  -0.12527
-690.914  -0.125302
-692.511  -0.125591
-695.269  -0.126092
-697.508  -0.126498
-697.673  -0.126528
-699.313  -0.126825
-701.841  -0.127283
-704.025  -0.127679
-704.056  -0.127685
-705.581  -0.127962
-707.979  -0.128397
-710.118  -0.128785
-710.153  -0.128791
-711.511  -0.129037
-713.595  -0.129415
-715.787  -0.129813
-716.194  -0.129887
-717.053  -0.130042
-718.923  -0.130381
-721.069  -0.130771
-722.083  -0.130954
-722.327  -0.130999
-723.936  -0.131291
-725.816  -0.131631
-727.432  -0.131924
-727.714  -0.131976
-728.554  -0.132128
-730.377  -0.132459
-732.069  -0.132765
-733.096  -0.132952
-733.299  -0.132989
-734.539  -0.133213
-736.315  -0.133536
-737.778  -0.133801
-738.388  -0.133912
-738.733  -0.133974
-740.125  -0.134227
-741.776  -0.134526
-743.025  -0.134752
-743.452  -0.13483
-743.886  -0.134909
-745.331  -0.135171
-746.257  -0.135339
-747.934  -0.135643
-748.339  -0.135716
-748.784  -0.135797
-749.958  -0.13601
-751.248  -0.136244
-752.489  -0.136469
-753.018  -0.136565
-753.475  -0.136648
-754.419  -0.136819
-755.816  -0.137072
-756.998  -0.137286
-757.565  -0.137389
-757.938  -0.137457
-758.595  -0.137576
-759.771  -0.137789
-760.911  -0.137996
-761.82  -0.138161
-762.04  -0.138201
-762.545  -0.138293
-763.402  -0.138448
-764.653  -0.138675
-765.637  -0.138853
-766.359  -0.138984
-766.263  -0.138967
-767.339  -0.139162
-768.124  -0.139304
-769.205  -0.1395
-768.875  -0.139441
-770.391  -0.139715
-770.75  -0.139781
-771.17  -0.139857
-772.035  -0.140014
-773.584  -0.140294
-773.431  -0.140267
-773.391  -0.14026
-774.72  -0.1405
-774.934  -0.140539
-775.393  -0.140623
-749.977  -0.136013
776.832  0.140884
357.44  0.0648241
-557.612  -0.101127
325.047  0.0589494
236.358  0.0428651
-637.598  -0.115633
52.7809  0.00957216
348.968  0.0632877
-574.393  -0.10417
148.131  0.0268646
494.774  0.0897305
-364.376  -0.0660819
58.8336  0.0106699
539.561  0.0978529
-440.216  -0.0798361
-158.559  -0.0287556
401.226  0.072765
-479.744  -0.0870047
-256.25  -0.0464726
438.102  0.0794527
-242.636  -0.0440036
-218.935  -0.0397053
