-0.0632495  -1.14707e-05
-0.0514353  -9.32812e-06
0.0373217  6.76853e-06
-0.241674  -4.38291e-05
0.301911  5.47536e-05
-0.31747  -5.75753e-05
-0.143078  -2.59482e-05
-0.30714  -5.57018e-05
-0.17222  -3.12332e-05
0.350234  6.35173e-05
0.00214085  3.88258e-07
0.275345  4.99357e-05
0.0971148  1.76124e-05
0.0783394  1.42074e-05
-0.110017  -1.99524e-05
0.0960172  1.74133e-05
-0.135048  -2.44918e-05
0.122179  2.2158e-05
-0.0709593  -1.28689e-05
-0.505419  -9.16611e-05
0.0839711  1.52287e-05
0.114612  2.07856e-05
0.362856  6.58063e-05
-0.132399  -2.40115e-05
-0.47682  -8.64744e-05
0.237615  4.3093e-05
-0.188636  -3.42104e-05
0.255885  4.64065e-05
-0.366844  -6.65295e-05
0.0927384  1.68187e-05
0.153505  2.78391e-05
0.00969586  1.75841e-06
0.379957  6.89077e-05
-0.0758055  -1.37478e-05
0.00499246  9.05416e-07
-0.324887  -5.89204e-05
0.0143826  2.60838e-06
-0.18506  -3.35619e-05
0.194326  3.52423e-05
-0.353479  -6.41058e-05
-0.133827  -2.42705e-05
0.422778  7.66735e-05
0.142616  2.58643e-05
0.157282  2.85242e-05
-0.409221  -7.42149e-05
-0.182289  -3.30592e-05
0.0511256  9.27196e-06
0.077689  1.40894e-05
0.00774991  1.4055e-06
-0.075024  -1.36061e-05
0.180145  3.26706e-05
0.0136361  2.473e-06
0.3173  5.75445e-05
-0.442538  -8.02573e-05
-0.0298826  -5.4194e-06
-0.225661  -4.0925e-05
-0.318845  -5.78245e-05
0.140442  2.54701e-05
-0.130128  -2.35996e-05
0.340237  6.17042e-05
-0.191887  -3.47999e-05
0.701574  0.000127235
-0.0254632  -4.61792e-06
0.300621  5.45195e-05
-0.232425  -4.21518e-05
-0.445009  -8.07053e-05
-0.565296  -0.00010252
-0.18393  -3.3357e-05
0.217003  3.93549e-05
0.727358  0.000131911
0.232745  4.22098e-05
-0.0116424  -2.11143e-06
-0.00505949  -9.17572e-07
0.102478  1.8585e-05
-0.122637  -2.2241e-05
-0.267081  -4.84368e-05
-0.806955  -0.000146346
0.295766  5.3639e-05
-0.23435  -4.25009e-05
0.499892  9.06587e-05
0.0366648  6.64939e-06
0.282929  5.1311e-05
0.0556167  1.00864e-05
-0.265405  -4.8133e-05
-0.167817  -3.04346e-05
-0.61507  -0.000111547
-0.229468  -4.16155e-05
-0.341993  -6.20226e-05
0.517243  9.38054e-05
0.0112612  2.04229e-06
0.187698  3.40402e-05
0.01043  1.89155e-06
0.285824  5.18361e-05
0.137815  2.49937e-05
0.118917  2.15664e-05
-0.046625  -8.45575e-06
-0.201556  -3.65536e-05
0.059284  1.07515e-05
-0.117982  -2.13968e-05
-0.0821342  -1.48956e-05
-0.161152  -2.92259e-05
-0.148152  -2.68683e-05
-0.00850837  -1.54305e-06
0.0506936  9.19362e-06
-0.047839  -8.67592e-06
-0.0801467  -1.45351e-05
0.0716654  1.2997e-05
-0.0569967  -1.03367e-05
-0.0557363  -1.01081e-05
0.00810272  1.46948e-06
-0.0303699  -5.50777e-06
-0.0294912  -5.34843e-06
-0.0213899  -3.87919e-06
-0.0163255  -2.96074e-06
-0.0239079  -4.33585e-06
-0.0781817  -1.41788e-05
-0.000247883  -4.49553e-08
-0.0608472  -1.1035e-05
-0.0749811  -1.35983e-05
0.0269698  4.89116e-06
-0.00994927  -1.80437e-06
-0.0633244  -1.14843e-05
0.0207579  3.76457e-06
-0.0580367  -1.05253e-05
0.017769  3.22253e-06
-0.0188174  -3.41266e-06
-0.111744  -2.02655e-05
0.0539866  9.79083e-06
-0.061041  -1.10702e-05
-0.0353591  -6.4126e-06
0.00795525  1.44274e-06
-0.042317  -7.67446e-06
-0.0133857  -2.42758e-06
0.0073815  1.33868e-06
-0.0798004  -1.44723e-05
-0.0297527  -5.39586e-06
-0.0253108  -4.59028e-06
-0.0357517  -6.48381e-06
-0.0491581  -8.91515e-06
-0.054796  -9.93762e-06
0.0305838  5.54657e-06
-0.0437173  -7.92842e-06
-0.0532283  -9.65329e-06
-0.00367146  -6.65844e-07
-0.00963292  -1.74699e-06
-0.0166258  -3.0152e-06
-0.00931304  -1.68898e-06
-0.0311259  -5.64489e-06
-0.00334947  -6.07448e-07
0.015944  2.89155e-06
-0.00660006  -1.19696e-06
0.0114136  2.06993e-06
-0.0346613  -6.28606e-06
-0.031292  -5.67501e-06
0.0109922  1.99351e-06
-0.0313603  -5.68739e-06
-0.0320298  -5.80881e-06
-0.0249356  -4.52224e-06
-0.0236089  -4.28163e-06
-0.0425323  -7.7135e-06
-0.0372929  -6.7633e-06
-0.00678323  -1.23018e-06
-0.0252746  -4.58371e-06
-0.0325948  -5.91127e-06
-0.0512684  -9.29786e-06
0.0097114  1.76123e-06
-0.0620143  -1.12467e-05
-0.020545  -3.72596e-06
-0.0182442  -3.30871e-06
-0.0315625  -5.72407e-06
-0.0122806  -2.22717e-06
-0.0336304  -6.09909e-06
-0.0194935  -3.53528e-06
0.00217175  3.93861e-07
-0.00740524  -1.34299e-06
-0.0415643  -7.53796e-06
0.0201495  3.65424e-06
-0.0145259  -2.63437e-06
-0.0548566  -9.94861e-06
-0.0346677  -6.28721e-06
-0.0172343  -3.12555e-06
-0.0110269  -1.9998e-06
-0.0477427  -8.65844e-06
-0.0129188  -2.34292e-06
-0.0190137  -3.44826e-06
-0.0130505  -2.36679e-06
-0.0205186  -3.72118e-06
-0.035016  -6.35039e-06
-0.0310443  -5.63009e-06
0.083852  1.52071e-05
-0.0485613  -8.80691e-06
-0.030554  -5.54116e-06
-0.032814  -5.95104e-06
-0.0368865  -6.6896e-06
0.0119832  2.17323e-06
0.0175364  3.18034e-06
-0.0148502  -2.69318e-06
-0.0211372  -3.83338e-06
-0.0407664  -7.39326e-06
-0.0579853  -1.0516e-05
0.0351432  6.37345e-06
-0.0124719  -2.26186e-06
-0.0350449  -6.35563e-06
-0.0460449  -8.35054e-06
-0.0426438  -7.73374e-06
0.0486251  8.81848e-06
0.0109908  1.99326e-06
-0.0514793  -9.33612e-06
-0.0464433  -8.4228e-06
-0.0390639  -7.0845e-06
-0.0128808  -2.33601e-06
-0.00583735  -1.05864e-06
-0.0249132  -4.51817e-06
-0.0335069  -6.0767e-06
-0.0105284  -1.90939e-06
-0.0420555  -7.62704e-06
-0.0581797  -1.05513e-05
-0.0835924  -1.516e-05
-0.0568133  -1.03035e-05
-0.015177  -2.75245e-06
-0.00561922  -1.01908e-06
0.0132417  2.40147e-06
-0.0156899  -2.84547e-06
-0.0649694  -1.17826e-05
-0.144547  -2.62145e-05
0.0547265  9.925e-06
0.0195961  3.55388e-06
-0.195405  -3.5438e-05
1.13343  0.000205556
2.14748  0.00038946
-7.88993  -0.00143089
11.4487  0.0020763
-13.5349  -0.00245463
-3.32271  -0.000602594
2.63538  0.000477944
-6.54005  -0.00118608
7.38386  0.00133911
-22.5103  -0.00408239
3.74383  0.000678968
-3.53059  -0.000640295
8.38732  0.0015211
-1.45239  -0.000263401
1.68176  0.000304998
-16.0724  -0.00291484
7.75834  0.00140702
6.38989  0.00115885
12.8738  0.00233475
-9.36763  -0.00169888
-9.84128  -0.00178478
-1.97877  -0.000358864
