0.112199  2.0348e-05
0.137823  2.4995e-05
0.210997  3.82657e-05
-0.127428  -2.31099e-05
0.147836  2.68111e-05
-0.272907  -4.94935e-05
-0.141255  -2.56176e-05
0.0634431  1.15058e-05
-0.209206  -3.79408e-05
-0.00573996  -1.04098e-06
-0.0698265  -1.26635e-05
0.0795684  1.44303e-05
0.211582  3.83718e-05
-0.392344  -7.11542e-05
0.235374  4.26867e-05
0.00503718  9.13526e-07
0.265213  4.80981e-05
-0.0967861  -1.75528e-05
-0.269599  -4.88935e-05
-0.0250859  -4.54949e-06
0.0970026  1.75921e-05
-0.435064  -7.89018e-05
0.338611  6.14092e-05
-0.144939  -2.62856e-05
0.332162  6.02398e-05
-0.277223  -5.02762e-05
-0.355084  -6.43969e-05
0.30771  5.58052e-05
0.0678363  1.23025e-05
-0.139779  -2.53499e-05
-0.248025  -4.4981e-05
-0.100174  -1.81672e-05
0.153579  2.78525e-05
-0.10396  -1.88538e-05
-0.0837192  -1.5183e-05
-0.0947356  -1.71809e-05
-0.208089  -3.77384e-05
-0.184893  -3.35315e-05
-0.159343  -2.88978e-05
-0.301265  -5.46363e-05
0.131972  2.3934e-05
0.0196374  3.56137e-06
-0.0438529  -7.953e-06
0.375298  6.80628e-05
-0.312699  -5.671e-05
0.00772141  1.40033e-06
-0.0600666  -1.08935e-05
-0.258017  -4.67931e-05
-0.239928  -4.35125e-05
-0.196332  -3.56062e-05
-0.151142  -2.74106e-05
-0.427873  -7.75976e-05
-0.401814  -7.28716e-05
-0.0600326  -1.08873e-05
0.156227  2.83329e-05
-0.137558  -2.49471e-05
-0.299915  -5.43916e-05
-0.177536  -3.21973e-05
-0.0906326  -1.64368e-05
0.00127023  2.30365e-07
-0.468098  -8.48926e-05
-0.267116  -4.84433e-05
0.275022  4.98771e-05
0.138684  2.51513e-05
-0.183734  -3.33214e-05
-0.308391  -5.59287e-05
-0.187735  -3.40471e-05
0.0581301  1.05423e-05
-0.389158  -7.05764e-05
-0.569797  -0.000103336
0.124904  2.26521e-05
0.00388668  7.04875e-07
-0.262117  -4.75367e-05
-0.456038  -8.27055e-05
0.0641342  1.16312e-05
0.348232  6.31541e-05
-0.23446  -4.25209e-05
-0.598124  -0.000108474
-0.510505  -9.25834e-05
0.191303  3.4694e-05
-0.299744  -5.43605e-05
-0.598224  -0.000108492
-0.145084  -2.63119e-05
0.000873923  1.58492e-07
0.0155989  2.82896e-06
-0.650319  -0.00011794
-0.394398  -7.15267e-05
0.3438  6.23504e-05
-0.180323  -3.27027e-05
-0.387327  -7.02444e-05
-0.403818  -7.3235e-05
-0.0577018  -1.04646e-05
-0.182087  -3.30228e-05
-0.570865  -0.00010353
-0.148884  -2.70011e-05
0.0228894  4.15114e-06
-0.469632  -8.51709e-05
-0.414328  -7.5141e-05
-0.0527314  -9.56318e-06
-0.319328  -5.79123e-05
-0.258171  -4.6821e-05
-0.345257  -6.26147e-05
-0.282444  -5.12231e-05
-0.270422  -4.90428e-05
-0.495242  -8.98154e-05
-0.243037  -4.40764e-05
-0.362234  -6.56935e-05
-0.506704  -9.18941e-05
-0.185529  -3.3647e-05
-0.326783  -5.92642e-05
-0.480347  -8.71141e-05
-0.209215  -3.79424e-05
-0.468944  -8.50461e-05
-0.529798  -9.60823e-05
-0.243989  -4.42491e-05
-0.38514  -6.98477e-05
-0.439789  -7.97586e-05
-0.188012  -3.40973e-05
-0.433214  -7.85662e-05
-0.472139  -8.56255e-05
-0.263967  -4.78722e-05
-0.485181  -8.79908e-05
-0.462325  -8.38456e-05
-0.321171  -5.82464e-05
-0.47016  -8.52667e-05
-0.465353  -8.43948e-05
-0.353564  -6.41212e-05
-0.39044  -7.08089e-05
-0.517717  -9.38914e-05
-0.465374  -8.43987e-05
-0.290754  -5.27302e-05
-0.546955  -9.91939e-05
-0.487872  -8.84788e-05
-0.336853  -6.10905e-05
-0.48009  -8.70675e-05
-0.52921  -9.59757e-05
-0.438711  -7.95631e-05
-0.367613  -6.66691e-05
-0.584711  -0.000106041
-0.501893  -9.10216e-05
-0.319828  -5.80029e-05
-0.459519  -8.33368e-05
-0.546309  -9.90767e-05
-0.422471  -7.66178e-05
-0.328577  -5.95895e-05
-0.616208  -0.000111753
-0.548224  -9.94241e-05
-0.379712  -6.88632e-05
-0.448053  -8.12573e-05
-0.56744  -0.000102909
-0.500376  -9.07464e-05
-0.34491  -6.25518e-05
-0.4945  -8.96807e-05
-0.525484  -9.53e-05
-0.445396  -8.07754e-05
-0.326676  -5.92448e-05
-0.534196  -9.688e-05
-0.564528  -0.000102381
-0.414673  -7.52037e-05
-0.361988  -6.56488e-05
-0.560473  -0.000101645
-0.545344  -9.89017e-05
-0.4242  -7.69315e-05
-0.436278  -7.9122e-05
-0.595736  -0.000108041
-0.503893  -9.13844e-05
-0.424345  -7.69578e-05
-0.465692  -8.44563e-05
-0.601157  -0.000109024
-0.505136  -9.16097e-05
-0.419719  -7.61188e-05
-0.46551  -8.44233e-05
-0.560908  -0.000101724
-0.510854  -9.26467e-05
-0.429377  -7.78704e-05
-0.445403  -8.07767e-05
-0.581448  -0.000105449
-0.509388  -9.23808e-05
-0.38325  -6.95049e-05
-0.469411  -8.51308e-05
-0.580796  -0.000105331
-0.514678  -9.33403e-05
-0.409742  -7.43094e-05
-0.444296  -8.05759e-05
-0.560388  -0.00010163
-0.531911  -9.64655e-05
-0.459998  -8.34236e-05
-0.473404  -8.58549e-05
-0.490367  -8.89313e-05
-0.682703  -0.000123813
-0.367675  -6.66802e-05
-0.445852  -8.08582e-05
-0.511576  -9.27777e-05
-0.53555  -9.71255e-05
-0.308205  -5.5895e-05
-0.451678  -8.19148e-05
-0.487149  -8.83476e-05
-0.549824  -9.97143e-05
-0.603194  -0.000109393
-0.394964  -7.16293e-05
-0.443  -8.03409e-05
-0.579824  -0.000105155
-0.624193  -0.000113202
-0.384659  -6.97604e-05
-0.488866  -8.8659e-05
-0.511552  -9.27733e-05
-0.504223  -9.14441e-05
-0.549067  -9.95769e-05
-0.416319  -7.55022e-05
-0.478322  -8.67468e-05
-0.558521  -0.000101291
-0.51677  -9.37196e-05
-0.422084  -7.65477e-05
-0.466431  -8.45904e-05
-0.781303  -0.000141694
-0.534765  -9.69832e-05
-0.980866  -0.000177886
-0.186695  -3.38584e-05
-0.362822  -6.58001e-05
-0.58358  -0.000105836
-0.56171  -0.00010187
-0.519829  -9.42744e-05
-0.395203  -7.16726e-05
-0.924597  -0.000167682
-0.257423  -4.66854e-05
-0.200616  -3.63831e-05
-0.186755  -3.38693e-05
-0.848258  -0.000153837
-15.8625  -0.00287676
-19.917  -0.00361207
-51.5045  -0.00934068
62.3248  0.011303
18.4368  0.00334363
46.6809  0.00846588
-65.9753  -0.0119651
-6.65362  -0.00120668
-29.1953  -0.00529476
39.4284  0.00715059
2.01496  0.000365426
16.4223  0.0029783
-6.52813  -0.00118392
16.1196  0.0029234
-13.8343  -0.00250895
-41.3703  -0.00750277
-29.5688  -0.00536249
24.1941  0.00438775
49.9304  0.0090552
17.1755  0.0031149
-10.6  -0.00192239
-46.5279  -0.00843814
